# List for holidays

20100101
20100102
20100103
20100109
20100110
20100116
20100117
20100123
20100124
20100130
20100131
20100206
20100207
20100213
20100214
20100215
20100220
20100221
20100227
20100228
20100301
20100306
20100307
20100313
20100314
20100320
20100321
20100327
20100328
20100403
20100404
20100410
20100411
20100417
20100418
20100424
20100425
20100501
20100502
20100505
20100508
20100509
20100515
20100516
20100521
20100522
20100523
20100529
20100530
20100605
20100606
20100612
20100613
20100619
20100620
20100626
20100627
20100703
20100704
20100710
20100711
20100717
20100718
20100724
20100725
20100731
20100801
20100807
20100808
20100814
20100815
20100821
20100822
20100828
20100829
20100904
20100905
20100911
20100912
20100918
20100919
20100921
20100922
20100923
20100925
20100926
20101002
20101003
20101009
20101010
20101016
20101017
20101023
20101024
20101030
20101031
20101106
20101107
20101113
20101114
20101120
20101121
20101127
20101128
20101204
20101205
20101211
20101212
20101218
20101219
20101225
20101226
20110101
20110102
20110108
20110109
20110115
20110116
20110122
20110123
20110129
20110130
20110202
20110203
20110204
20110205
20110206
20110212
20110213
20110219
20110220
20110226
20110227
20110301
20110305
20110306
20110312
20110313
20110319
20110320
20110326
20110327
20110402
20110403
20110409
20110410
20110416
20110417
20110423
20110424
20110430
20110501
20110505
20110507
20110508
20110510
20110514
20110515
20110521
20110522
20110528
20110529
20110604
20110605
20110606
20110611
20110612
20110618
20110619
20110625
20110626
20110702
20110703
20110709
20110710
20110716
20110717
20110723
20110724
20110730
20110731
20110806
20110807
20110813
20110814
20110815
20110820
20110821
20110827
20110828
20110903
20110904
20110910
20110911
20110912
20110913
20110917
20110918
20110924
20110925
20111001
20111002
20111003
20111008
20111009
20111015
20111016
20111022
20111023
20111029
20111030
20111105
20111106
20111112
20111113
20111119
20111120
20111126
20111127
20111203
20111204
20111210
20111211
20111217
20111218
20111224
20111225
20111231
20120101
20120107
20120108
20120114
20120115
20120121
20120122
20120123
20120124
20120128
20120129
20120204
20120205
20120211
20120212
20120218
20120219
20120225
20120226
20120301
20120303
20120304
20120310
20120311
20120317
20120318
20120324
20120325
20120331
20120401
20120407
20120408
20120414
20120415
20120421
20120422
20120428
20120429
20120501
20120505
20120506
20120512
20120513
20120519
20120520
20120526
20120527
20120528
20120602
20120603
20120606
20120609
20120610
20120616
20120617
20120623
20120624
20120630
20120701
20120707
20120708
20120714
20120715
20120721
20120722
20120728
20120729
20120804
20120805
20120811
20120812
20120815
20120818
20120819
20120825
20120826
20120901
20120902
20120908
20120909
20120915
20120916
20120922
20120923
20120929
20120930
20121001
20121003
20121006
20121007
20121013
20121014
20121020
20121021
20121027
20121028
20121103
20121104
20121110
20121111
20121117
20121118
20121124
20121125
20121201
20121202
20121208
20121209
20121215
20121216
20121222
20121223
20121225
20121229
20121230
20130101
20130105
20130106
20130112
20130113
20130119
20130120
20130126
20130127
20130202
20130203
20130209
20130210
20130211
20130216
20130217
20130223
20130224
20130301
20130302
20130303
20130309
20130310
20130316
20130317
20130323
20130324
20130330
20130331
20130406
20130407
20130413
20130414
20130420
20130421
20130427
20130428
20130501
20130504
20130505
20130511
20130512
20130517
20130518
20130519
20130525
20130526
20130601
20130602
20130606
20130608
20130609
20130615
20130616
20130622
20130623
20130629
20130630
20130706
20130707
20130713
20130714
20130720
20130721
20130727
20130728
20130803
20130804
20130810
20130811
20130815
20130817
20130818
20130824
20130825
20130831
20130901
20130907
20130908
20130914
20130915
20130918
20130919
20130920
20130921
20130922
20130928
20130929
20131003
20131005
20131006
20131012
20131013
20131019
20131020
20131026
20131027
20131102
20131103
20131109
20131110
20131116
20131117
20131123
20131124
20131130
20131201
20131207
20131208
20131214
20131215
20131221
20131222
20131225
20131228
20131229
20140101
20140104
20140105
20140111
20140112
20140118
20140119
20140125
20140126
20140130
20140131
20140201
20140202
20140208
20140209
20140215
20140216
20140222
20140223
20140301
20140302
20140308
20140309
20140315
20140316
20140322
20140323
20140329
20140330
20140405
20140406
20140412
20140413
20140419
20140420
20140426
20140427
20140501
20140503
20140504
20140505
20140506
20140510
20140511
20140517
20140518
20140524
20140525
20140531
20140601
20140606
20140607
20140608
20140614
20140615
20140621
20140622
20140628
20140629
20140705
20140706
20140712
20140713
20140719
20140720
20140726
20140727
20140802
20140803
20140809
20140810
20140815
20140816
20140817
20140823
20140824
20140830
20140831
20140906
20140907
20140908
20140909
20140913
20140914
20140920
20140921
20140927
20140928
20141003
20141004
20141005
20141011
20141012
20141018
20141019
20141025
20141026
20141101
20141102
20141108
20141109
20141115
20141116
20141122
20141123
20141129
20141130
20141206
20141207
20141213
20141214
20141220
20141221
20141225
20141227
20141228
20150101
20150103
20150104
20150110
20150111
20150117
20150118
20150124
20150125
20150131
20150201
20150207
20150208
20150214
20150215
20150218
20150219
20150220
20150221
20150222
20150228
20150301
20150307
20150308
20150314
20150315
20150321
20150322
20150328
20150329
20150404
20150405
20150411
20150412
20150418
20150419
20150425
20150426
20150501
20150502
20150503
20150505
20150509
20150510
20150516
20150517
20150523
20150524
20150525
20150530
20150531
20150606
20150607
20150613
20150614
20150620
20150621
20150627
20150628
20150704
20150705
20150711
20150712
20150718
20150719
20150725
20150726
20150801
20150802
20150808
20150809
20150815
20150816
20150822
20150823
20150829
20150830
20150905
20150906
20150912
20150913
20150919
20150920
20150926
20150927
20150928
20151003
20151004
20151009
20151010
20151011
20151017
20151018
20151024
20151025
20151031
20151101
20151107
20151108
20151114
20151115
20151121
20151122
20151128
20151129
20151205
20151206
20151212
20151213
20151219
20151220
20151225
20151226
20151227
20160101
20160102
20160103
20160109
20160110
20160116
20160117
20160123
20160124
20160130
20160131
20160206
20160207
20160208
20160209
20160210
20160213
20160214
20160220
20160221
20160227
20160228
20160301
20160305
20160306
20160312
20160313
20160319
20160320
20160326
20160327
20160402
20160403
20160409
20160410
20160416
20160417
20160423
20160424
20160430
20160501
20160505
20160507
20160508
20160514
20160515
20160521
20160522
20160528
20160529
20160604
20160605
20160606
20160611
20160612
20160618
20160619
20160625
20160626
20160702
20160703
20160709
20160710
20160716
20160717
20160723
20160724
20160730
20160731
20160806
20160807
20160813
20160814
20160815
20160820
20160821
20160827
20160828
20160903
20160904
20160910
20160911
20160914
20160915
20160916
20160917
20160918
20160924
20160925
20161001
20161002
20161003
20161008
20161009
20161015
20161016
20161022
20161023
20161029
20161030
20161105
20161106
20161112
20161113
20161119
20161120
20161126
20161127
20161203
20161204
20161210
20161211
20161217
20161218
20161224
20161225
20161231
20170101
20170107
20170108
20170114
20170115
20170121
20170122
20170127
20170128
20170129
20170204
20170205
20170211
20170212
20170218
20170219
20170225
20170226
20170301
20170304
20170305
20170311
20170312
20170318
20170319
20170325
20170326
20170401
20170402
20170408
20170409
20170415
20170416
20170422
20170423
20170429
20170430
20170501
20170503
20170505
20170506
20170507
20170513
20170514
20170520
20170521
20170527
20170528
20170603
20170604
20170606
20170610
20170611
20170617
20170618
20170624
20170625
20170701
20170702
20170708
20170709
20170715
20170716
20170722
20170723
20170729
20170730
20170805
20170806
20170812
20170813
20170815
20170819
20170820
20170826
20170827
20170902
20170903
20170909
20170910
20170916
20170917
20170923
20170924
20170930
20171001
20171003
20171004
20171005
20171007
20171008
20171009
20171014
20171015
20171021
20171022
20171028
20171029
20171104
20171105
20171111
20171112
20171118
20171119
20171125
20171126
20171202
20171203
20171209
20171210
20171216
20171217
20171223
20171224
20171225
20171230
20171231
20180101
20180106
20180107
20180113
20180114
20180120
20180121
20180127
20180128
20180203
20180204
20180210
20180211
20180215
20180216
20180217
20180218
20180224
20180225
20180301
20180303
20180304
20180310
20180311
20180317
20180318
20180324
20180325
20180331
20180401
20180407
20180408
20180414
20180415
20180421
20180422
20180428
20180429
20180501
20180505
20180506
20180512
20180513
20180519
20180520
20180522
20180526
20180527
20180602
20180603
20180606
20180609
20180610
20180616
20180617
20180623
20180624
20180630
20180701
20180707
20180708
20180714
20180715
20180721
20180722
20180728
20180729
20180804
20180805
20180811
20180812
20180815
20180818
20180819
20180825
20180826
20180901
20180902
20180908
20180909
20180915
20180916
20180922
20180923
20180924
20180925
20180929
20180930
20181003
20181006
20181007
20181009
20181013
20181014
20181020
20181021
20181027
20181028
20181103
20181104
20181110
20181111
20181117
20181118
20181124
20181125
20181201
20181202
20181208
20181209
20181215
20181216
20181222
20181223
20181225
20181229
20181230
20190101
20190105
20190106
20190112
20190113
20190119
20190120
20190126
20190127
20190202
20190203
20190204
20190205
20190206
20190209
20190210
20190216
20190217
20190223
20190224
20190301
20190302
20190303
20190309
20190310
20190316
20190317
20190323
20190324
20190330
20190331
20190406
20190407
20190413
20190414
20190420
20190421
20190427
20190428
20190501
20190504
20190505
20190511
20190512
20190518
20190519
20190525
20190526
20190601
20190602
20190606
20190608
20190609
20190615
20190616
20190622
20190623
20190629
20190630
20190706
20190707
20190713
20190714
20190720
20190721
20190727
20190728
20190803
20190804
20190810
20190811
20190815
20190817
20190818
20190824
20190825
20190831
20190901
20190907
20190908
20190912
20190913
20190914
20190915
20190921
20190922
20190928
20190929
20191003
20191005
20191006
20191009
20191012
20191013
20191019
20191020
20191026
20191027
20191102
20191103
20191109
20191110
20191116
20191117
20191123
20191124
20191130
20191201
20191207
20191208
20191214
20191215
20191221
20191222
20191225
20191228
20191229
20200101
20200104
20200105
20200111
20200112
20200118
20200119
20200124
20200125
20200126
20200201
20200202
20200208
20200209
20200215
20200216
20200222
20200223
20200229
20200301
20200307
20200308
20200314
20200315
20200321
20200322
20200328
20200329
20200404
20200405
20200411
20200412
20200418
20200419
20200425
20200426
20200430
20200501
20200502
20200503
20200505
20200509
20200510
20200516
20200517
20200523
20200524
20200530
20200531
20200606
20200607
20200613
20200614
20200620
20200621
20200627
20200628
20200704
20200705
20200711
20200712
20200718
20200719
20200725
20200726
20200801
20200802
20200808
20200809
20200815
20200816
20200822
20200823
20200829
20200830
20200905
20200906
20200912
20200913
20200919
20200920
20200926
20200927
20200930
20201001
20201002
20201003
20201004
20201009
20201010
20201011
20201017
20201018
20201024
20201025
20201031
20201101
20201107
20201108
20201114
20201115
20201121
20201122
20201128
20201129
20201205
20201206
20201212
20201213
20201219
20201220
20201225
20201226
20201227
20210101
20210102
20210103
20210109
20210110
20210116
20210117
20210123
20210124
20210130
20210131
20210206
20210207
20210211
20210212
20210213
20210214
20210220
20210221
20210227
20210228
20210301
20210306
20210307
20210313
20210314
20210320
20210321
20210327
20210328
20210403
20210404
20210410
20210411
20210417
20210418
20210424
20210425
20210501
20210502
20210505
20210508
20210509
20210515
20210516
20210519
20210522
20210523
20210529
20210530
20210605
20210606
20210612
20210613
20210619
20210620
20210626
20210627
20210703
20210704
20210710
20210711
20210717
20210718
20210724
20210725
20210731
20210801
20210807
20210808
20210814
20210815
20210821
20210822
20210828
20210829
20210904
20210905
20210911
20210912
20210918
20210919
20210920
20210921
20210922
20210925
20210926
20211002
20211003
20211009
20211010
20211016
20211017
20211023
20211024
20211030
20211031
20211106
20211107
20211113
20211114
20211120
20211121
20211127
20211128
20211204
20211205
20211211
20211212
20211218
20211219
20211225
20211226
20220101
20220102
20220108
20220109
20220115
20220116
20220122
20220123
20220129
20220130
20220131
20220201
20220202
20220205
20220206
20220212
20220213
20220219
20220220
20220226
20220227
20220301
20220305
20220306
20220312
20220313
20220319
20220320
20220326
20220327
20220402
20220403
20220409
20220410
20220416
20220417
20220423
20220424
20220430
20220501
20220505
20220507
20220508
20220514
20220515
20220521
20220522
20220528
20220529
20220604
20220605
20220606
20220611
20220612
20220618
20220619
20220625
20220626
20220702
20220703
20220709
20220710
20220716
20220717
20220723
20220724
20220730
20220731
20220806
20220807
20220813
20220814
20220815
20220820
20220821
20220827
20220828
20220903
20220904
20220909
20220910
20220911
20220917
20220918
20220924
20220925
20221001
20221002
20221003
20221008
20221009
20221015
20221016
20221022
20221023
20221029
20221030
20221105
20221106
20221112
20221113
20221119
20221120
20221126
20221127
20221203
20221204
20221210
20221211
20221217
20221218
20221224
20221225
20221231
20230101
20230107
20230108
20230114
20230115
20230121
20230122
20230123
20230128
20230129
20230204
20230205
20230211
20230212
20230218
20230219
20230225
20230226
20230301
20230304
20230305
20230311
20230312
20230318
20230319
20230325
20230326
20230401
20230402
20230408
20230409
20230415
20230416
20230422
20230423
20230429
20230430
20230501
20230505
20230506
20230507
20230513
20230514
20230520
20230521
20230527
20230528
20230603
20230604
20230606
20230610
20230611
20230617
20230618
20230624
20230625
20230701
20230702
20230708
20230709
20230715
20230716
20230722
20230723
20230729
20230730
20230805
20230806
20230812
20230813
20230815
20230819
20230820
20230826
20230827
20230902
20230903
20230909
20230910
20230916
20230917
20230923
20230924
20230928
20230929
20230930
20231001
20231003
20231007
20231008
20231009
20231014
20231015
20231021
20231022
20231028
20231029
20231104
20231105
20231111
20231112
20231118
20231119
20231125
20231126
20231202
20231203
20231209
20231210
20231216
20231217
20231223
20231224
20231225
20231230
20231231
20240101
20240106
20240107
20240113
20240114
20240120
20240121
20240127
20240128
20240203
20240204
20240209
20240210
20240211
20240217
20240218
20240224
20240225
20240301
20240302
20240303
20240309
20240310
20240316
20240317
20240323
20240324
20240330
20240331
20240406
20240407
20240413
20240414
20240420
20240421
20240427
20240428
20240501
20240504
20240505
20240511
20240512
20240515
20240518
20240519
20240525
20240526
20240601
20240602
20240606
20240608
20240609
20240615
20240616
20240622
20240623
20240629
20240630
20240706
20240707
20240713
20240714
20240720
20240721
20240727
20240728
20240803
20240804
20240810
20240811
20240815
20240817
20240818
20240824
20240825
20240831
20240901
20240907
20240908
20240914
20240915
20240916
20240917
20240918
20240921
20240922
20240928
20240929
20241003
20241005
20241006
20241009
20241012
20241013
20241019
20241020
20241026
20241027
20241102
20241103
20241109
20241110
20241116
20241117
20241123
20241124
20241130
20241201
20241207
20241208
20241214
20241215
20241221
20241222
20241225
20241228
20241229
20250101
20250104
20250105
20250111
20250112
20250118
20250119
20250125
20250126
20250128
20250129
20250130
20250201
20250202
20250208
20250209
20250215
20250216
20250222
20250223
20250301
20250302
20250308
20250309
20250315
20250316
20250322
20250323
20250329
20250330
20250405
20250406
20250412
20250413
20250419
20250420
20250426
20250427
20250501
20250503
20250504
20250505
20250510
20250511
20250517
20250518
20250524
20250525
20250531
20250601
20250606
20250607
20250608
20250614
20250615
20250621
20250622
20250628
20250629
20250705
20250706
20250712
20250713
20250719
20250720
20250726
20250727
20250802
20250803
20250809
20250810
20250815
20250816
20250817
20250823
20250824
20250830
20250831
20250906
20250907
20250913
20250914
20250920
20250921
20250927
20250928
20251003
20251004
20251005
20251006
20251007
20251009
20251011
20251012
20251018
20251019
20251025
20251026
20251101
20251102
20251108
20251109
20251115
20251116
20251122
20251123
20251129
20251130
20251206
20251207
20251213
20251214
20251220
20251221
20251225
20251227
20251228
20260101
20260103
20260104
20260110
20260111
20260117
20260118
20260124
20260125
20260131
20260201
20260207
20260208
20260214
20260215
20260216
20260217
20260218
20260221
20260222
20260228
20260301
20260307
20260308
20260314
20260315
20260321
20260322
20260328
20260329
20260404
20260405
20260411
20260412
20260418
20260419
20260425
20260426
20260501
20260502
20260503
20260505
20260509
20260510
20260516
20260517
20260523
20260524
20260530
20260531
20260606
20260607
20260613
20260614
20260620
20260621
20260627
20260628
20260704
20260705
20260711
20260712
20260718
20260719
20260725
20260726
20260801
20260802
20260808
20260809
20260815
20260816
20260822
20260823
20260829
20260830
20260905
20260906
20260912
20260913
20260919
20260920
20260924
20260925
20260926
20260927
20261003
20261004
20261009
20261010
20261011
20261017
20261018
20261024
20261025
20261031
20261101
20261107
20261108
20261114
20261115
20261121
20261122
20261128
20261129
20261205
20261206
20261212
20261213
20261219
20261220
20261225
20261226
20261227
20270101
20270102
20270103
20270109
20270110
20270116
20270117
20270123
20270124
20270130
20270131
20270206
20270207
20270208
20270213
20270214
20270220
20270221
20270227
20270228
20270301
20270306
20270307
20270313
20270314
20270320
20270321
20270327
20270328
20270403
20270404
20270410
20270411
20270417
20270418
20270424
20270425
20270501
20270502
20270505
20270508
20270509
20270513
20270515
20270516
20270522
20270523
20270529
20270530
20270605
20270606
20270612
20270613
20270619
20270620
20270626
20270627
20270703
20270704
20270710
20270711
20270717
20270718
20270724
20270725
20270731
20270801
20270807
20270808
20270814
20270815
20270821
20270822
20270828
20270829
20270904
20270905
20270911
20270912
20270914
20270915
20270916
20270918
20270919
20270925
20270926
20271002
20271003
20271009
20271010
20271016
20271017
20271023
20271024
20271030
20271031
20271106
20271107
20271113
20271114
20271120
20271121
20271127
20271128
20271204
20271205
20271211
20271212
20271218
20271219
20271225
20271226
20280101
20280102
20280108
20280109
20280115
20280116
20280122
20280123
20280126
20280127
20280128
20280129
20280130
20280205
20280206
20280212
20280213
20280219
20280220
20280226
20280227
20280301
20280304
20280305
20280311
20280312
20280318
20280319
20280325
20280326
20280401
20280402
20280408
20280409
20280415
20280416
20280422
20280423
20280429
20280430
20280501
20280502
20280505
20280506
20280507
20280513
20280514
20280520
20280521
20280527
20280528
20280603
20280604
20280606
20280610
20280611
20280617
20280618
20280624
20280625
20280701
20280702
20280708
20280709
20280715
20280716
20280722
20280723
20280729
20280730
20280805
20280806
20280812
20280813
20280815
20280819
20280820
20280826
20280827
20280902
20280903
20280909
20280910
20280916
20280917
20280923
20280924
20280930
20281001
20281002
20281003
20281004
20281007
20281008
20281009
20281014
20281015
20281021
20281022
20281028
20281029
20281104
20281105
20281111
20281112
20281118
20281119
20281125
20281126
20281202
20281203
20281209
20281210
20281216
20281217
20281223
20281224
20281225
20281230
20281231
20290101
20290106
20290107
20290113
20290114
20290120
20290121
20290127
20290128
20290203
20290204
20290210
20290211
20290212
20290213
20290214
20290217
20290218
20290224
20290225
20290301
20290303
20290304
20290310
20290311
20290317
20290318
20290324
20290325
20290331
20290401
20290407
20290408
20290414
20290415
20290421
20290422
20290428
20290429
20290501
20290505
20290506
20290512
20290513
20290519
20290520
20290526
20290527
20290602
20290603
20290606
20290609
20290610
20290616
20290617
20290623
20290624
20290630
20290701
20290707
20290708
20290714
20290715
20290721
20290722
20290728
20290729
20290804
20290805
20290811
20290812
20290815
20290818
20290819
20290825
20290826
20290901
20290902
20290908
20290909
20290915
20290916
20290921
20290922
20290923
20290929
20290930
20291003
20291006
20291007
20291009
20291013
20291014
20291020
20291021
20291027
20291028
20291103
20291104
20291110
20291111
20291117
20291118
20291124
20291125
20291201
20291202
20291208
20291209
20291215
20291216
20291222
20291223
20291225
20291229
20291230
20300101
20300105
20300106
20300112
20300113
20300119
20300120
20300126
20300127
20300202
20300203
20300204
20300209
20300210
20300216
20300217
20300223
20300224
20300301
20300302
20300303
20300309
20300310
20300316
20300317
20300323
20300324
20300330
20300331
20300406
20300407
20300413
20300414
20300420
20300421
20300427
20300428
20300501
20300504
20300505
20300509
20300511
20300512
20300518
20300519
20300525
20300526
20300601
20300602
20300606
20300608
20300609
20300615
20300616
20300622
20300623
20300629
20300630
20300706
20300707
20300713
20300714
20300720
20300721
20300727
20300728
20300803
20300804
20300810
20300811
20300815
20300817
20300818
20300824
20300825
20300831
20300901
20300907
20300908
20300911
20300912
20300913
20300914
20300915
20300921
20300922
20300928
20300929
20301003
20301005
20301006
20301009
20301012
20301013
20301019
20301020
20301026
20301027
20301102
20301103
20301109
20301110
20301116
20301117
20301123
20301124
20301130
20301201
20301207
20301208
20301214
20301215
20301221
20301222
20301225
20301228
20301229
